-204
-180
423
195
-524
125
438
-1117
22
-281
-294
-594
-201
-151
268
1186
792
-1635
-121
-406
96
128
-447
599
-535
795
-630
-1078
204
-510
-350
596
-1639
641
523
-614
-846
-459
-350
-680
-545
694
118
624
-494
-823
-155
-683
61
-759
3
-103
554
6
-359
318
420
-79
-50
-542
449
-14
-420
-304
137
485
748
-82
-441
818
-5
383
-96
-79
59
545
-193
432
-63
-4
-204
-68
-1166
554
-24
-461
-1517
724
62
111
-1040
140
394
-663
-262
424
122
-300
-316
-641
-163
95
-35
-200
-346
274
-31
271
154
-866
377
132
523
-506
401
-73
962
658
679
101
-431
-129
-78
215
316
464
-412
366
136
-576
-703
-54
-850
-294
163
361
-293
1149
114
212
-1234
-27
249
-1057
-224
765
-212
174
220
-2625
0
159
321
54
-237
200
224
-174
175
-1146
963
436
443
-252
-150
-640
877
396
175
-602
111
128
-239
348
-109
64
-95
49
-132
-310
-831
-198
-650
-392
483
800
-222
450
59
134
-558
-581
-72
109
-168
882
-364
633
106
-2672
518
287
331
-717
-137
-499
213
160
174
-1307
109
265
-21
-42
119
-623
410
-181
237
-492
-182
8
-25
-619
728
-390
267
-547
-294
-188
-917
-183
-126
-859
115
859
-582
309
-270
740
-194
-949
42
-565
-610
810
-275
418
-361
-1653
-142
-15
-446
350
38
381
-560
-510
17
-374
-72
105
-1661
54
331
-109
-130
-1003
37
624
54
427
-721
671
-100
45
-522
30
159
770
-340
673
742
676
-68
-450
-140
-1370
-461
-395
-481
851
340
267
-630
-1024
-65
334
-821
-66
-97
-8
-471
267
10
305
-162
184
-30
56
209
-515
-1316
311
461
-334
-214
-1023
-147
926
142
258
159
207
-106
82
-619
790
512
84
250
245
661
202
165
280
-993
-361
-624
-271
122
204
695
110
-230
-56
18
1049
-238
-699
-68
164
-359
52
264
161
-75
266
127
-48
410
-324
-339
-249
514
-291
160
-446
96
618
-85
192
111
-312
369
150
119
311
292
789
72
343
-559
-122
-68
287
-676
-773
-280
-480
-95
-64
152
-192
-421
108
-312
616
362
-537
-169
97
-47
171
218
-101
93
-121
120
64
633
-35
-747
-89
395
-244
231
-259
-60
741
-64
464
-315
-54
525
-136
-497
-109
-154
518
9
-8
-196
82
-93
475
-263
-845
68
18
174
54
-413
-1001
-209
389
-771
-317
231
-88
477
369
273
-349
58
-460
-32
333
296
248
-567
165
97
45
219
33
792
345
-203
478
527
183
-90
-663
818
-40
149
-408
99
-37
-395
-124
232
-225
-594
197
-751
-179
217
-69
387
407
-142
-1512
17
328
-690
-12
197
-685
312
-43
-487
68
8
127
-249
-935
181
-76
83
-432
303
227
370
-695
-43
-2095
-577
316
507
240
-355
517
35
357
-221
70
514
-194
-17
602
494
-1195
124
-469
319
2038
-124
-759
-593
239
1511
351
-925
-583
-9
563
-109
-277
161
46
-243
340
120
143
-189
-378
192
63
0
-321
-22
-420
141
-793
-320
-1240
188
93
118
173
-659
342
59
269
96
383
322
-208
-110
218
497
-702
-51
-496
-93
846
-456
-316
-240
-151
521
-382
-189
-39
-849
275
78
-1340
200
104
-316
171
292
200
220
-369
-43
144
433
-323
-563
-10
478
-185
285
-297
314
-21
273
411
-641
-540
365
347
-215
-34
-96
56
-37
-339
60
-832
34
223
34
-84
-1048
-418
-277
-150
-546
-1420
23
144
-1138
-1210
445
-592
-328
13
122
299
84
-158
156
-438
-12
163
298
276
201
60
270
136
-351
92
147
609
140
164
185
174
209
302
-140
-49
-71
10
-160
-545
-60
-168
87
-8
304
-114
240
-218
-829
-91
-56
-779
-483
84
-595
-982
541
-145
399
200
520
-652
-30
-423
400
95
246
-113
295
461
106
327
-44
359
-156
180
21
703
137
86
40
-645
279
-159
541
420
18
307
-810
-83
333
-484
-124
-75
82
-368
-43
89
-3
555
6
-787
-316
-380
-984
-187
350
-402
149
-384
-413
347
335
149
147
-611
-361
-108
-133
-40
1420
-7
341
172
572
-1032
-617
-549
129
193
-554
154
418
578
-178
408
114
-107
-243
-288
-173
-97
-322
261
-193
414
90
-224
95
495
-339
-834
-303
-156
-322
-273
658
-67
77
-11
-295
566
167
68
55
-181
-610
314
241
443
328
166
-168
299
294
113
-452
203
-55
47
-418
306
270
179
-631
325
170
182
1
-498
7
-332
-494
26
-70
-40
-829
-48
-100
-332
-300
-793
-27
104
-552
-1480
449
-396
47
93
28
171
367
-94
311
-193
-269
229
-88
341
913
113
-336
-231
514
-78
-732
-97
308
121
-29
365
180
348
-389
215
244
19
-144
-709
68
-1163
-90
-54
89
-689
-684
-462
-301
-420
-699
-20
379
-121
-68
-439
336
-125
-244
19
205
-132
251
32
344
-139
-325
211
-71
562
-155
259
-193
141
144
173
-557
178
9
87
0
191
7
111
-77
-94
-260
83
133
-374
175
-556
297
-162
-53
-235
-281
-141
-917
-293
-294
546
369
-761
-359
235
290
168
241
347
551
-641
-124
-391
222
175
-399
-62
332
763
360
136
-618
-7
188
10
-111
433
224
-38
86
-660
-188
-122
160
48
-221
293
-199
54
-457
-698
648
-479
-564
-49
-326
253
247
99
523
187
3
-962
45
445
471
447
190
-273
-666
177
467
238
231
37
-269
256
148
510
386
-137
-687
-1057
611
-1556
103
-468
186
-198
-957
890
324
-66
-31
262
-37
493
884
-1745
90
-640
213
960
-1067
-421
464
683
371
-200
224
318
-545
726
-545
-571
725
583
389
154
-124
336
432
212
202
87
-320
402
-348
1192
-103
-144
-48
-73
608
-1078
-204
160
389
343
-261
639
178
4
-139
524
-355
13
704
-1479
543
-284
784
754
137
396
455
246
466
-679
672
219
-955
280
-452
-2
-285
-490
451
255
-28
-169
195
244
450
-21
-83
336
-1019
1138
418
-8
-417
602
216
-292
-440
-88
377
449
-320
16
175
137
-119
490
101
-27
453
-1166
544
-204
654
369
361
472
710
-63
174
-412
587
448
-134
80
1
-642
-127
-550
38
125
75
-245
24
163
370
-54
-261
271
-293
1046
159
-14
-523
590
304
-288
-268
-93
235
-256
-85
65
500
190
-29
140
-245
40
182
-211
88
325
666
-74
105
219
853
443
115
-177
573
762
556
27
156
-251
-282
-209
-27
95
321
-312
40
-272
56
469
-385
348
27
992
246
-37
-611
694
379
-87
691
-303
381
19
406
-733
18
-131
237
60
-199
128
113
-644
-812
806
1435
-611
560
1060
577
1047
220
244
739
-740
495
-460
661
327
-228
-193
