881
685
73
292
-119
-892
-41
-865
-211
-796
309
-44
-99
-396
560
-805
-910
1121
71
723
-78
1152
-876
887
-938
685
-853
187
-93
-770
-1835
-54
-10
1315
-804
5
81
-819
269
302
-106
-726
440
-444
-89
-204
955
-390
667
-645
-295
-1142
-564
-137
-474
1034
72
-837
256
374
221
619
943
-1227
-152
731
884
-67
-740
-587
-1471
-647
1201
1205
865
-796
-3545
840
-926
-821
207
328
1011
425
-346
290
551
182
-1081
552
-1273
530
-1205
-850
1615
-231
248
-204
-1155
581
