704
845
-2165
-283
908
495
496
-1273
-1049
800
481
54
772
-587
1115
1273
-16
1346
-1071
742
1033
-380
724
48
1080
762
1363
-678
299
237
177
460
995
-722
949
-317
287
1488
-1818
1102
629
-1291
890
-1324
979
523
-2342
394
-819
1224
276
1520
1308
1046
-62
0
577
1042
195
673
-228
345
-134
-297
923
727
-1983
-1116
-1094
382
266
-2383
-633
-557
150
169
1752
1621
971
-1134
387
488
607
1534
-924
117
673
-418
997
-1304
367
-2665
-801
30
-774
697
-2210
218
434
201
972
1344
722
404
-1412
1120
379
-265
543
-2563
574
424
-561
1576
-1691
277
-1295
-147
1519
-700
1462
-2365
-141
687
-1
